4 1 0 6 6 0 1 3 6 5 5 5 5 2 2 0 0 0 5 2 6 4 3 4 2 6 0 5 2 5 6 2 3 4 3 3 6 6 0 6 6 5 5 4 3 30 3
10 32
37 33
26 30
21 10
38 34
29 14
0 16
16 33
43 21
38 19
5 38
19 31
10 13
27 27
42 31
36 17
38 27
26 3
30 29
29 20
4 0
27 6
29 10
8 35
16 1
26 15
24 37
9 10
39 24
18 3
33 37
22 10
11 8
12 1
2 5
25 34
43 23
20 31
6 31
36 4
44 14
38 6
20 25
15 1
29 6 36 1 13 23 6 22 23 10 4 10 22 13 44 7 38 2 21 30 22 29 17 7 14 31 27 34 8 6 21 21 8 5 22 13 37 40 36 20 40 24 35 33 30 20 35
6 28
2 13
24 42
24 31
35 18
8 20
42 16
35 29
31 6
7 18
3 22
37 22
12 38
20 19
21 36
39 28
23 8
8 34
0 29
9 24
2 10
18 10
16 1
28 31
20 25
20 31
4 14
28 39
21 6
14 28
39 37
38 8
17 21
42 34
31 29
43 8
34 36
37 14
35 15
19 11
10 6
10 23
42 6
24 28
2 20
21 13
0 20
38 32
9 6
43 33
26 33
38 5
29 36
13 26
3 4
28 11
6 16
4 33
11 14
25 5
14 42
20 41
5 29
33 20
9 19
38 18
13 36
36 23
41 26
18 43
11 33
38 29
14 24
34 42
22 28
34 24
44 36
7 30
19 5
2 8
43 35
14 21
14 8
42 18
2 18
10 44
44 25
32 14
44 30
8 37
1 22
32 13
25 20
39 14
15 11
25 42
37 10
27 2
11 36
31 38
9 44
11 29
8 32
23 22
38 39
27 39
24 40
4 44
13 4
36 43
28 29
10 21
43 33
24 28
29 42
30 40
35 33
39 1
33 16
24 24
38 38
6 0
34 36
39 37
13 23
39 44
19 0
10 25
38 8
14 18
8 13
42 43
38 9
2 43
6 1
15 15
10 4
2 2
4 21
12 6
29 27
40 27
40 39
1 19
30 35
21 30
37 36
21 24
30 43
28 28
1 20
24 4
40 40
33 28
18 1
24 28
4 8
27 42
10 14
17 19
18 20
7 11
42 17
36 26
15 27
38 40
24 29
41 12
26 0
34 9
3 37
41 19
40 11
40 4
14 24
33 11
9 19
30 9
13 10
25 28
8 0
44 7
43 11
41 29
29 10
6 43
29 21
43 22
15 28
7 7
24 41
42 44
42 15
4 11
21 40
28 16
3 38
7 8
11 15
3 14
41 9
14 7
19 16
35 31
28 35
6 12
38 40
43 26
38 1
16 43
7 35
30 19
24 41
30 37
8 9
15 42
36 13
20 14
18 33
26 20
0 42
29 1
42 21
38 42
15 16 15 14 3 39 33 13 12 42 44 38 2 8 14 14 7 1 5 10 25 34 33 42 30 6 18 33 2 1 26 34 24 41 43 14 22 10 15 20 16 24 1 37 9 28 23
29 42
30 37
43 40
34 28
36 17
16 20
13 40
13 34
3 16
11 29
13 41
26 15
44 22
20 33
31 21
14 9
35 39
37 38
5 33
38 10
21 20
4 35
21 10
0 5
30 42
14 10
36 43
28 5
3 4
24 3
25 36
23 19
22 10
8 32
26 31
8 7
40 2
16 10
42 7
20 29
8 14
34 42
24 7
6 24
33 25
9 38
39 33
39 1
41 31
21 10
38 23
6 18
18 0
15 2
44 43
3 28
43 42
41 4
15 44
14 3
36 34
17 22
24 19
23 7
28 44
44 40
19 14
34 44
43 15
24 35
42 18
10 0
39 14
19 4
26 13
36 34
32 33
26 7
19 21
24 7
36 22
4 17
41 36
35 25
27 44
6 0
10 37
36 35
1 43
27 42 2 10 21 8 40 32 41 36 30 27 18 21 10 6 21 5 37 31 8 41 2 2 14 28 35 31 19 18 9 23 26 28 2 27 26 33 43 32 38 38 24 26 24 34 17
18 12
37 38
27 31
36 38
39 31
24 17
31 29
6 37
43 7
8 6
22 21
17 0
41 1
11 9
20 3
3 18
22 12
43 16
2 9
16 9
2 43
24 42
34 25
44 37
5 18
21 8
36 3
20 19
8 13
43 34
42 32
32 10
23 32
22 40
39 24
21 42
24 14
11 14
15 5
24 30
0 31
8 33
28 26
1 31
24 9
2 34
30 15
33 22
31 7
20 30
29 39
6 17
15 39
5 17
6 42
21 14
19 33
13 19
2 37
30 14
20 0
20 13
41 10
3 22
1 24
39 19
32 30
16 22
1 32
31 33
15 6
29 26
0 17
10 11
12 40
38 23
43 30
3 39
22 17
16 4
16 3
43 0
44 31
44 13
39 2
14 0
35 26
39 32
29 41
33 7
33 18
31 15
11 39
21 6
25 13
38 37
3 28
22 27
15 7
29 44
17 35
29 23
28 2
28 43
34 19
22 35
9 9
44 32
14 20
40 37
38 0
25 42
25 5
25 31
12 30
7 30
11 25
44 25
13 7
11 27
8 24
7 30
13 0
4 10
0 34
3 43
14 16
6 5
14 15
24 39
36 43
29 26
36 44
21 20
32 16
21 25
32 8
16 7
38 13
42 13
12 42
11 6
35 3
30 22
33 20
42 2
10 37
22 16
25 25
33 40
5 42
28 1
25 3
42 18
4 42
17 10
34 15
32 12
38 19
21 7
12 42
6 3
41 21
42 43
11 28
39 44
7 39
20 19
10 17
27 9
3 7
20 32
44 33
36 2
35 26
3 11
19 7
39 39
5 13
36 14
44 19
22 36
12 1
1 11
17 22
42 27
2 20
43 33
16 19
28 0
6 22
18 23
13 12
29 23
1 38
25 13
17 27
3 5
17 33
42 22
35 43
11 22
29 15
39 18
33 32
24 23
14 24
10 37
38 28
12 41
35 21
44 27
28 13
9 27
7 20
10 23
20 34
12 25
19 2
31 16
41 10
21 15
19 13
40 40
8 7
15 41
12 40
15 41
5 28
6 32
7 17
11 29
37 41
27 5
23 16
37 8
44 41
1 19
2 16
1 8
36 0
13 31
31 36
42 16
11 2
1 10
32 30
3 44
14 43
18 41
40 18
7 43
43 41
22 26
43 21
44 34
27 35
11 22
5 24
0 25
19 15
33 40
31 29
20 24
9 0
18 13
37 41
14 15
32 20
